Episode: 0, Total Reward: -101.68511943621871, Steps: 62
 Episode: 1, Total Reward: -101.58891748751638, Steps: 69
 Episode: 2, Total Reward: -101.78412877941629, Steps: 70