Episode: 0, Total Reward: -119.53877732135419, Steps: 88
 Episode: 1, Total Reward: -100.64638073910587, Steps: 70