Episode: 0, Total Reward: -98.23684360444639, Steps: 128
 Episode: 1, Total Reward: -96.94347513368291, Steps: 109
 Episode: 2, Total Reward: -12.493930768054367, Steps: 1600
 Episode: 3, Total Reward: -7.312517493625359, Steps: 1600